Heap after inserting 44
0 44 

Heap after inserting 43
0 43 44 

Heap after inserting 42
0 42 44 43 

Heap after inserting 40
0 40 42 43 44 

Heap after inserting 36
0 36 40 43 44 42 

Heap after inserting 45
0 36 40 43 44 42 45 

Heap after inserting 32
0 32 40 36 44 42 45 43 

Heap after inserting 31
0 31 32 36 40 42 45 43 44 

Heap after inserting 28
0 28 31 36 32 42 45 43 44 40 

Heap after inserting 27
0 27 28 36 32 31 45 43 44 40 42 

Heap after inserting 10
0 10 27 36 32 28 45 43 44 40 42 31 

Heap after inserting 8
0 8 27 10 32 28 36 43 44 40 42 31 45 

Heap after inserting 7
0 7 27 8 32 28 10 43 44 40 42 31 45 36 

Heap after inserting 6
0 6 27 7 32 28 10 8 44 40 42 31 45 36 43 

Heap after inserting 5
0 5 27 6 32 28 10 7 44 40 42 31 45 36 43 8 

Heap after inserting 4
0 4 5 6 27 28 10 7 32 40 42 31 45 36 43 8 44 

Heap after inserting 2
0 2 4 6 5 28 10 7 27 40 42 31 45 36 43 8 44 32 

Heap after inserting 1
0 1 2 6 4 28 10 7 27 5 42 31 45 36 43 8 44 32 40 

Heap after inserting 17
0 1 2 6 4 28 10 7 27 5 42 31 45 36 43 8 44 32 40 17 

Heap after inserting 9
0 1 2 6 4 9 10 7 27 5 28 31 45 36 43 8 44 32 40 17 42 

Heap after inserting 21
0 1 2 6 4 9 10 7 27 5 21 31 45 36 43 8 44 32 40 17 42 28 

Heap after inserting 17
0 1 2 6 4 9 10 7 27 5 21 31 45 36 43 8 44 32 40 17 42 28 17 

Heap after inserting 3
0 1 2 6 4 3 10 7 27 5 21 9 45 36 43 8 44 32 40 17 42 28 17 31 

Heap after inserting 13
0 1 2 6 4 3 10 7 27 5 21 9 13 36 43 8 44 32 40 17 42 28 17 31 45 

Heap after inserting 21
0 1 2 6 4 3 10 7 27 5 21 9 13 36 43 8 44 32 40 17 42 28 17 31 45 21 

Heap after inserting 16
0 1 2 6 4 3 10 7 27 5 21 9 13 16 43 8 44 32 40 17 42 28 17 31 45 21 36 

Heap after inserting 24
0 1 2 6 4 3 10 7 27 5 21 9 13 16 43 8 44 32 40 17 42 28 17 31 45 21 36 24 

Heap after inserting 31
0 1 2 6 4 3 10 7 27 5 21 9 13 16 43 8 44 32 40 17 42 28 17 31 45 21 36 24 31 

Heap after inserting 33
0 1 2 6 4 3 10 7 27 5 21 9 13 16 33 8 44 32 40 17 42 28 17 31 45 21 36 24 31 43 

Heap after inserting 14
0 1 2 6 4 3 10 7 27 5 21 9 13 16 33 8 44 32 40 17 42 28 17 31 45 21 36 24 31 43 14 

Heap after inserting 19
0 1 2 6 4 3 10 7 27 5 21 9 13 16 33 8 44 32 40 17 42 28 17 31 45 21 36 24 31 43 14 19 

Heap after inserting 68
0 1 2 6 4 3 10 7 27 5 21 9 13 16 33 8 44 32 40 17 42 28 17 31 45 21 36 24 31 43 14 19 68 

Heap after inserting 65
0 1 2 6 4 3 10 7 27 5 21 9 13 16 33 8 44 32 40 17 42 28 17 31 45 21 36 24 31 43 14 19 68 65 

Heap after inserting 26
0 1 2 6 4 3 10 7 26 5 21 9 13 16 33 8 44 27 40 17 42 28 17 31 45 21 36 24 31 43 14 19 68 65 32 

Heap after inserting 32
0 1 2 6 4 3 10 7 26 5 21 9 13 16 33 8 44 27 40 17 42 28 17 31 45 21 36 24 31 43 14 19 68 65 32 32 

Heap 
0 1 2 6 4 3 10 7 26 5 21 9 13 16 33 8 44 27 40 17 42 28 17 31 45 21 36 24 31 43 14 19 68 65 32 32 

Insert 31
Heap after insert 31 
0 1 2 6 4 3 10 7 26 5 21 9 13 16 33 8 44 27 40 17 42 28 17 31 45 21 36 24 31 43 14 19 68 65 32 32 31 

Insert 14
Heap after insert 14 
0 1 2 6 4 3 10 7 26 5 21 9 13 16 33 8 44 27 40 17 42 28 17 31 45 21 36 24 31 43 14 19 68 65 32 32 31 14 

Heap after deleteMin 
0 2 3 6 4 9 10 7 26 5 21 17 13 16 33 8 44 27 40 17 42 28 31 45 21 36 24 31 43 14 19 68 65 32 32 31 14 

Heap after deleteMin 
0 3 4 6 5 9 10 7 26 17 21 17 13 16 33 8 44 27 40 42 28 31 45 21 36 24 31 43 14 19 68 65 32 32 31 14 

Heap after deleteMin 
0 4 5 6 17 9 10 7 26 40 21 17 13 16 33 8 44 27 14 42 28 31 45 21 36 24 31 43 14 19 68 65 32 32 31 14 

Heap after deleteMin 
0 5 9 6 17 17 10 7 26 40 21 21 13 16 33 8 44 27 14 42 28 31 45 36 24 31 43 14 19 68 65 32 32 31 14 

Heap after deleteMin 
0 6 9 7 17 17 10 8 26 40 21 21 13 16 33 32 44 27 14 42 28 31 45 36 24 31 43 14 19 68 65 32 31 14 

Heap after deleteMin 
0 7 9 8 17 17 10 32 26 40 21 21 13 16 33 32 44 27 14 42 28 31 45 36 24 31 43 14 19 68 65 31 14 

Heap after deleteMin 
0 8 9 10 17 17 13 32 26 40 21 21 24 16 33 32 44 27 14 42 28 31 45 36 31 43 14 19 68 65 31 14 

Heap after deleteMin 
0 9 17 10 17 21 13 32 26 40 21 36 24 16 33 32 44 27 14 42 28 31 45 31 43 14 19 68 65 31 14 

Heap after deleteMin 
0 10 17 13 17 21 16 32 26 40 21 36 24 19 33 32 44 27 14 42 28 31 45 31 43 14 68 65 31 14 

Heap after deleteMin 
0 13 17 16 17 21 19 32 26 40 21 36 24 65 33 32 44 27 14 42 28 31 45 31 43 14 68 31 14 

Heap after deleteMin 
0 16 17 19 17 21 24 32 26 40 21 36 14 65 33 32 44 27 14 42 28 31 45 31 43 68 31 14 

Heap after deleteMin 
0 17 17 19 26 21 24 32 27 40 21 36 14 65 33 32 44 14 42 28 31 45 31 43 68 31 14 

Heap after deleteMin 
0 17 21 19 26 21 24 32 27 40 31 36 14 65 33 32 44 14 42 28 45 31 43 68 31 14 

Heap after deleteMin 
0 19 21 24 26 21 14 32 27 40 31 36 14 65 33 32 44 14 42 28 45 31 43 68 31 

Heap after deleteMin 
0 21 21 24 26 31 14 32 27 40 31 36 14 65 33 32 44 14 42 28 45 43 68 31 

Heap after deleteMin 
0 21 26 24 27 31 14 32 14 40 31 36 14 65 33 32 44 42 28 45 43 68 31 

Heap after deleteMin 
0 24 26 14 27 31 14 32 14 40 31 36 65 33 32 44 42 28 45 43 68 31 

Heap after deleteMin 
0 14 26 14 27 31 33 32 14 40 31 36 65 32 44 42 28 45 43 68 31 

Heap after deleteMin 
0 14 26 32 27 31 33 42 14 40 31 36 65 32 44 28 45 43 68 31 

Heap after deleteMin 
0 26 27 32 14 31 33 42 43 40 31 36 65 32 44 28 45 68 31 

Heap after deleteMin 
0 27 14 32 40 31 33 42 43 31 31 36 65 32 44 28 45 68 31 

Heap after deleteMin 
0 14 31 32 40 31 33 42 43 31 36 65 32 44 28 45 68 31 

Heap after deleteMin 
0 31 31 32 40 36 33 42 43 31 65 32 44 28 45 68 31 

Heap after deleteMin 
0 31 36 32 40 32 33 42 43 31 65 44 28 45 68 31 

Heap after deleteMin 
0 32 36 33 40 32 28 42 43 31 65 44 45 68 31 

Heap after deleteMin 
0 33 36 28 40 32 45 42 43 31 65 44 68 31 

Heap after deleteMin 
0 28 36 42 40 32 45 31 43 31 65 44 68 31 

Heap after deleteMin 
0 36 32 42 40 44 45 31 43 31 65 68 31 

Heap after deleteMin 
0 32 40 42 31 44 45 31 43 65 68 31 

Heap after deleteMin 
0 40 31 42 43 44 45 31 65 68 31 

Heap after deleteMin 
0 31 43 42 65 44 45 31 68 31 

Heap after deleteMin 
0 42 43 31 65 44 45 68 31 

Heap after deleteMin 
0 31 43 45 65 44 68 31 

Heap after deleteMin 
0 43 44 45 65 68 31 

Heap after deleteMin 
0 44 65 45 68 31 

Heap after deleteMin 
0 45 65 31 68 31 

Heap after deleteMin 
0 31 65 68 31 

Heap after deleteMin 
0 65 31 68 31 

Heap after deleteMin 
0 31 31 68 

Heap after deleteMin 
0 31 68 

Heap after deleteMin 
0 68 68 

Heap after deleteMin 
0 68 

Heap after deleteMin 
0 

