Heap after inserting 44
0 44 

Heap after inserting 43
0 43 44 

Heap after inserting 42
0 42 44 43 

Heap after inserting 40
0 40 42 43 44 

Heap after inserting 36
0 36 40 43 44 42 

Heap after inserting 45
0 36 40 43 44 42 45 

Heap after inserting 32
0 32 40 36 44 42 45 43 

Heap after inserting 31
0 31 32 36 40 42 45 43 44 

Heap after inserting 28
0 28 31 36 32 42 45 43 44 40 

Heap after inserting 27
0 27 28 36 32 31 45 43 44 40 42 

Heap after inserting 10
0 10 27 36 32 28 45 43 44 40 42 31 

Heap after inserting 8
0 8 27 10 32 28 36 43 44 40 42 31 45 

Heap after inserting 7
0 7 27 8 32 28 10 43 44 40 42 31 45 36 

Heap after inserting 6
0 6 27 7 32 28 10 8 44 40 42 31 45 36 43 

Heap after inserting 5
0 5 27 6 32 28 10 7 44 40 42 31 45 36 43 8 

Heap after inserting 4
0 4 5 6 27 28 10 7 32 40 42 31 45 36 43 8 44 

Heap after inserting 2
0 2 4 6 5 28 10 7 27 40 42 31 45 36 43 8 44 32 

Heap after inserting 1
0 1 2 6 4 28 10 7 27 5 42 31 45 36 43 8 44 32 40 

Heap after inserting 17
0 1 2 6 4 28 10 7 27 5 42 31 45 36 43 8 44 32 40 17 

Heap after inserting 9
0 1 2 6 4 9 10 7 27 5 28 31 45 36 43 8 44 32 40 17 42 

Heap after inserting 21
0 1 2 6 4 9 10 7 27 5 21 31 45 36 43 8 44 32 40 17 42 28 

Heap after inserting 17
0 1 2 6 4 9 10 7 27 5 21 31 45 36 43 8 44 32 40 17 42 28 17 

Heap after inserting 3
0 1 2 6 4 3 10 7 27 5 21 9 45 36 43 8 44 32 40 17 42 28 17 31 

Heap after inserting 13
0 1 2 6 4 3 10 7 27 5 21 9 13 36 43 8 44 32 40 17 42 28 17 31 45 

Heap after inserting 21
0 1 2 6 4 3 10 7 27 5 21 9 13 36 43 8 44 32 40 17 42 28 17 31 45 21 

Heap after inserting 16
0 1 2 6 4 3 10 7 27 5 21 9 13 16 43 8 44 32 40 17 42 28 17 31 45 21 36 

Heap after inserting 24
0 1 2 6 4 3 10 7 27 5 21 9 13 16 43 8 44 32 40 17 42 28 17 31 45 21 36 24 

Heap after inserting 31
0 1 2 6 4 3 10 7 27 5 21 9 13 16 43 8 44 32 40 17 42 28 17 31 45 21 36 24 31 

Heap after inserting 33
0 1 2 6 4 3 10 7 27 5 21 9 13 16 33 8 44 32 40 17 42 28 17 31 45 21 36 24 31 43 

Heap after inserting 14
0 1 2 6 4 3 10 7 27 5 21 9 13 16 33 8 44 32 40 17 42 28 17 31 45 21 36 24 31 43 14 

Heap after inserting 19
0 1 2 6 4 3 10 7 27 5 21 9 13 16 33 8 44 32 40 17 42 28 17 31 45 21 36 24 31 43 14 19 

Heap after inserting 68
0 1 2 6 4 3 10 7 27 5 21 9 13 16 33 8 44 32 40 17 42 28 17 31 45 21 36 24 31 43 14 19 68 

Heap after inserting 65
0 1 2 6 4 3 10 7 27 5 21 9 13 16 33 8 44 32 40 17 42 28 17 31 45 21 36 24 31 43 14 19 68 65 

Heap after inserting 26
0 1 2 6 4 3 10 7 26 5 21 9 13 16 33 8 44 27 40 17 42 28 17 31 45 21 36 24 31 43 14 19 68 65 32 

Heap after inserting 32
0 1 2 6 4 3 10 7 26 5 21 9 13 16 33 8 44 27 40 17 42 28 17 31 45 21 36 24 31 43 14 19 68 65 32 32 

Heap after inserting 12
0 1 2 6 4 3 10 7 26 5 21 9 13 16 33 8 44 27 12 17 42 28 17 31 45 21 36 24 31 43 14 19 68 65 32 32 40 

Heap after inserting 79
0 1 2 6 4 3 10 7 26 5 21 9 13 16 33 8 44 27 12 17 42 28 17 31 45 21 36 24 31 43 14 19 68 65 32 32 40 79 

Heap after inserting 21
0 1 2 6 4 3 10 7 26 5 21 9 13 16 33 8 44 27 12 17 42 28 17 31 45 21 36 24 31 43 14 19 68 65 32 32 40 79 21 

Heap after inserting 78
0 1 2 6 4 3 10 7 26 5 21 9 13 16 33 8 44 27 12 17 42 28 17 31 45 21 36 24 31 43 14 19 68 65 32 32 40 79 21 78 

Heap after inserting 16
0 1 2 6 4 3 10 7 26 5 21 9 13 16 33 8 44 27 12 17 42 28 17 31 45 21 36 24 31 43 14 19 68 65 32 32 40 79 21 78 16 

Heap after inserting 24
0 1 2 6 4 3 10 7 26 5 21 9 13 16 33 8 44 27 12 17 42 28 17 31 45 21 36 24 31 43 14 19 68 65 32 32 40 79 21 78 16 24 

Heap after inserting 33
0 1 2 6 4 3 10 7 26 5 21 9 13 16 33 8 44 27 12 17 42 28 17 31 45 21 36 24 31 43 14 19 68 65 32 32 40 79 21 78 16 24 33 

Heap after inserting 21
0 1 2 6 4 3 10 7 26 5 21 9 13 16 33 8 44 27 12 17 42 28 17 31 45 21 36 24 31 43 14 19 68 65 32 32 40 79 21 78 16 24 33 21 

Heap after inserting 19
0 1 2 6 4 3 10 7 26 5 21 9 13 16 33 8 44 27 12 17 42 28 17 31 45 21 36 24 31 43 14 19 68 65 32 32 40 79 21 78 16 24 33 21 19 

Heap after inserting 68
0 1 2 6 4 3 10 7 26 5 21 9 13 16 33 8 44 27 12 17 42 28 17 31 45 21 36 24 31 43 14 19 68 65 32 32 40 79 21 78 16 24 33 21 19 68 

Heap after inserting 65
0 1 2 6 4 3 10 7 26 5 21 9 13 16 33 8 44 27 12 17 42 28 17 31 45 21 36 24 31 43 14 19 68 65 32 32 40 79 21 78 16 24 33 21 19 68 65 

Heap after inserting 1
0 1 2 6 4 3 10 7 26 5 21 9 13 16 33 8 44 27 12 17 42 28 17 31 45 21 36 24 31 43 14 19 68 65 32 32 40 79 21 78 16 24 33 21 19 68 65 1 

Heap after inserting 26
0 1 2 6 4 3 10 7 26 5 21 9 13 16 33 8 44 27 12 17 42 28 17 31 45 21 36 24 31 43 14 19 68 65 32 32 40 79 21 78 16 24 33 21 19 68 65 1 26 

Heap after inserting 32
0 1 2 6 4 3 10 7 26 5 21 9 13 16 33 8 44 27 12 17 42 28 17 31 45 21 36 24 31 43 14 19 68 65 32 32 40 79 21 78 16 24 33 21 19 68 65 1 26 32 

Heap after inserting 18
0 1 2 6 4 3 10 7 26 5 21 9 13 16 33 8 44 27 12 17 42 28 17 31 45 18 36 24 31 43 14 19 68 65 32 32 40 79 21 78 16 24 33 21 19 68 65 1 26 32 21 

Heap after inserting 3
0 1 2 6 4 3 10 7 26 5 21 9 13 16 33 8 44 27 12 17 42 28 17 31 45 18 36 24 31 43 14 19 68 65 32 32 40 79 21 78 16 24 33 21 19 68 65 1 26 32 21 3 

Heap 
0 1 2 6 4 3 10 7 26 5 21 9 13 16 33 8 44 27 12 17 42 28 17 31 45 18 36 24 31 43 14 19 68 65 32 32 40 79 21 78 16 24 33 21 19 68 65 1 26 32 21 3 

Insert 31
Heap after insert 31 
0 1 2 6 4 3 10 7 26 5 21 9 13 16 33 8 44 27 12 17 42 28 17 31 45 18 36 24 31 43 14 19 68 65 32 32 40 79 21 78 16 24 33 21 19 68 65 1 26 32 21 3 31 

Insert 14
Heap after insert 14 
0 1 2 6 4 3 10 7 26 5 21 9 13 16 33 8 44 27 12 17 42 28 17 31 45 18 36 24 31 43 14 19 68 65 32 32 40 79 21 78 16 24 33 21 19 68 65 1 26 32 21 3 31 14 

Heap after deleteMin 
0 2 3 6 4 9 10 7 26 5 21 17 13 16 33 8 44 27 12 17 42 28 19 31 45 18 36 24 31 43 14 19 68 65 32 32 40 79 21 78 16 24 33 21 68 65 1 26 32 21 3 31 14 

Heap after deleteMin 
0 3 4 6 5 9 10 7 26 12 21 17 13 16 33 8 44 27 40 17 42 28 19 31 45 18 36 24 31 43 14 19 68 65 32 32 79 21 78 16 24 33 21 68 65 1 26 32 21 3 31 14 

Heap after deleteMin 
0 4 5 6 12 9 10 7 26 17 21 17 13 16 33 8 44 27 40 16 42 28 19 31 45 18 36 24 31 43 14 19 68 65 32 32 79 21 78 24 33 21 68 65 1 26 32 21 3 31 14 

Heap after deleteMin 
0 5 9 6 12 17 10 7 26 17 21 19 13 16 33 8 44 27 40 16 42 28 1 31 45 18 36 24 31 43 14 19 68 65 32 32 79 21 78 24 33 21 68 65 26 32 21 3 31 14 

Heap after deleteMin 
0 6 9 7 12 17 10 8 26 17 21 19 13 16 33 14 44 27 40 16 42 28 1 31 45 18 36 24 31 43 19 68 65 32 32 79 21 78 24 33 21 68 65 26 32 21 3 31 14 

Heap after deleteMin 
0 7 9 8 12 17 10 14 26 17 21 19 13 16 33 19 44 27 40 16 42 28 1 31 45 18 36 24 31 43 68 65 32 32 79 21 78 24 33 21 68 65 26 32 21 3 31 14 

Heap after deleteMin 
0 8 9 10 12 17 13 14 26 17 21 19 18 16 33 19 44 27 40 16 42 28 1 31 45 36 24 31 43 68 65 32 32 79 21 78 24 33 21 68 65 26 32 21 3 31 14 

Heap after deleteMin 
0 9 12 10 17 17 13 14 26 16 21 19 18 16 33 19 44 27 40 21 42 28 1 31 45 36 24 31 43 68 65 32 32 79 21 78 24 33 68 65 26 32 21 3 31 14 

Heap after deleteMin 
0 10 12 13 17 17 16 14 26 16 21 19 18 24 33 19 44 27 40 21 42 28 1 31 45 36 31 43 68 65 32 32 79 21 78 24 33 68 65 26 32 21 3 31 14 

Heap after deleteMin 
0 12 17 13 17 19 16 14 26 16 21 1 18 24 33 19 44 27 40 21 42 28 14 31 45 36 31 43 68 65 32 32 79 21 78 24 33 68 65 26 32 21 3 31 14 

Heap after deleteMin 
0 13 17 14 17 19 16 19 26 16 21 1 18 24 33 32 44 27 40 21 42 28 14 31 45 36 31 43 68 65 32 79 21 78 24 33 68 65 26 32 21 3 31 14 

Heap after deleteMin 
0 14 17 16 17 19 18 19 26 16 21 1 36 24 33 32 44 27 40 21 42 28 14 31 45 31 43 68 65 32 79 21 78 24 33 68 65 26 32 21 3 31 14 

Heap after deleteMin 
0 16 17 18 17 19 24 19 26 16 21 1 36 43 33 32 44 27 40 21 42 28 14 31 45 31 68 65 32 79 21 78 24 33 68 65 26 32 21 3 31 14 

Heap after deleteMin 
0 17 17 18 16 19 24 19 26 21 21 1 36 43 33 32 44 27 40 3 42 28 14 31 45 31 68 65 32 79 21 78 24 33 68 65 26 32 21 31 14 

Heap after deleteMin 
0 17 16 18 21 19 24 19 26 3 21 1 36 43 33 32 44 27 40 21 42 28 14 31 45 31 68 65 32 79 21 78 24 33 68 65 26 32 31 14 

Heap after deleteMin 
0 16 19 18 21 1 24 19 26 3 21 14 36 43 33 32 44 27 40 21 42 28 31 45 31 68 65 32 79 21 78 24 33 68 65 26 32 31 14 

Heap after deleteMin 
0 18 19 19 21 1 24 32 26 3 21 14 36 43 33 24 44 27 40 21 42 28 31 45 31 68 65 32 79 21 78 33 68 65 26 32 31 14 

Heap after deleteMin 
0 19 19 24 21 1 36 32 26 3 21 14 31 43 33 24 44 27 40 21 42 28 31 45 68 65 32 79 21 78 33 68 65 26 32 31 14 

Heap after deleteMin 
0 19 1 24 21 14 36 32 26 3 21 31 31 43 33 24 44 27 40 21 42 28 45 68 65 32 79 21 78 33 68 65 26 32 31 14 

Heap after deleteMin 
0 1 14 24 21 21 36 32 26 3 28 31 31 43 33 24 44 27 40 21 42 45 68 65 32 79 21 78 33 68 65 26 32 31 14 

Heap after deleteMin 
0 14 21 24 21 28 36 32 26 3 42 31 31 43 33 24 44 27 40 21 45 68 65 32 79 21 78 33 68 65 26 32 31 14 

Heap after deleteMin 
0 21 21 24 3 28 36 32 26 21 42 31 31 43 33 24 44 27 40 45 68 65 32 79 21 78 33 68 65 26 32 31 14 

Heap after deleteMin 
0 21 3 24 21 28 36 32 26 40 42 31 31 43 33 24 44 27 45 68 65 32 79 21 78 33 68 65 26 32 31 14 

Heap after deleteMin 
0 3 21 24 26 28 36 32 27 40 42 31 31 43 33 24 44 45 68 65 32 79 21 78 33 68 65 26 32 31 14 

Heap after deleteMin 
0 21 26 24 27 28 36 32 44 40 42 31 31 43 33 24 45 68 65 32 79 21 78 33 68 65 26 32 31 14 

Heap after deleteMin 
0 24 26 32 27 28 36 24 44 40 42 31 31 43 33 14 45 68 65 32 79 21 78 33 68 65 26 32 31 14 

Heap after deleteMin 
0 26 27 32 40 28 36 24 44 32 42 31 31 43 33 14 45 68 65 79 21 78 33 68 65 26 32 31 14 

Heap after deleteMin 
0 27 28 32 40 31 36 24 44 32 42 33 31 43 33 14 45 68 65 79 21 78 68 65 26 32 31 14 

Heap after deleteMin 
0 28 31 32 40 33 36 24 44 32 42 65 31 43 33 14 45 68 65 79 21 78 68 26 32 31 14 

Heap after deleteMin 
0 31 33 32 40 42 36 24 44 32 21 65 31 43 33 14 45 68 65 79 78 68 26 32 31 14 

Heap after deleteMin 
0 32 33 24 40 42 36 14 44 32 21 65 31 43 33 45 68 65 79 78 68 26 32 31 14 

Heap after deleteMin 
0 24 33 14 40 42 36 33 44 32 21 65 31 43 45 68 65 79 78 68 26 32 31 14 

Heap after deleteMin 
0 14 33 33 40 42 36 45 44 32 21 65 31 43 68 65 79 78 68 26 32 31 14 

Heap after deleteMin 
0 33 33 36 40 42 31 45 44 32 21 65 43 68 65 79 78 68 26 32 31 14 

Heap after deleteMin 
0 33 40 36 32 42 31 45 44 26 21 65 43 68 65 79 78 68 32 31 14 

Heap after deleteMin 
0 36 40 31 32 42 43 45 44 26 21 65 68 65 79 78 68 32 31 14 

Heap after deleteMin 
0 31 40 43 32 42 65 45 44 26 21 65 68 79 78 68 32 31 14 

Heap after deleteMin 
0 40 32 43 26 42 65 45 44 14 21 65 68 79 78 68 32 31 14 

Heap after deleteMin 
0 32 26 43 14 42 65 45 44 14 21 65 68 79 78 68 32 31 

Heap after deleteMin 
0 26 14 43 14 42 65 45 44 21 65 68 79 78 68 32 31 

Heap after deleteMin 
0 14 14 43 21 42 65 45 44 65 68 79 78 68 32 31 

Heap after deleteMin 
0 14 21 43 44 42 65 45 31 65 68 79 78 68 32 31 

Heap after deleteMin 
0 21 42 43 44 68 65 45 31 65 79 78 68 32 31 

Heap after deleteMin 
0 42 44 43 31 68 65 45 65 79 78 68 32 31 

Heap after deleteMin 
0 43 44 45 31 68 65 31 65 79 78 68 32 31 

Heap after deleteMin 
0 44 31 45 65 68 65 31 79 78 68 32 31 

Heap after deleteMin 
0 31 65 45 78 68 65 31 79 68 32 31 

Heap after deleteMin 
0 45 65 31 78 68 65 79 68 32 31 

Heap after deleteMin 
0 31 65 65 78 68 79 68 32 31 

Heap after deleteMin 
0 65 65 68 78 68 79 32 31 

Heap after deleteMin 
0 65 68 68 78 79 32 31 

Heap after deleteMin 
0 68 68 31 78 79 32 

Heap after deleteMin 
0 31 68 32 78 79 

Heap after deleteMin 
0 32 68 78 79 

Heap after deleteMin 
0 68 79 78 79 

Heap after deleteMin 
0 78 79 79 

Heap after deleteMin 
0 79 79 

Heap after deleteMin 
0 79 

Heap after deleteMin 
0 

