Heap after inserting 44
0 44 

Heap after inserting 43
0 43 44 

Heap after inserting 42
0 42 44 43 

Heap after inserting 40
0 40 42 43 44 

Heap after inserting 36
0 36 40 43 44 42 

Heap after inserting 45
0 36 40 43 44 42 45 

Heap after inserting 32
0 32 40 36 44 42 45 43 

Heap after inserting 31
0 31 32 36 40 42 45 43 44 

Heap after inserting 28
0 28 31 36 32 42 45 43 44 40 

Heap after inserting 27
0 27 28 36 32 31 45 43 44 40 42 

Heap after inserting 10
0 10 27 36 32 28 45 43 44 40 42 31 

Heap after inserting 8
0 8 27 10 32 28 36 43 44 40 42 31 45 

Heap after inserting 7
0 7 27 8 32 28 10 43 44 40 42 31 45 36 

Heap after inserting 6
0 6 27 7 32 28 10 8 44 40 42 31 45 36 43 

Heap after inserting 5
0 5 27 6 32 28 10 7 44 40 42 31 45 36 43 8 

Heap after inserting 4
0 4 5 6 27 28 10 7 32 40 42 31 45 36 43 8 44 

Heap after inserting 2
0 2 4 6 5 28 10 7 27 40 42 31 45 36 43 8 44 32 

Heap after inserting 1
0 1 2 6 4 28 10 7 27 5 42 31 45 36 43 8 44 32 40 

Heap after inserting 17
0 1 2 6 4 28 10 7 27 5 42 31 45 36 43 8 44 32 40 17 

Heap after inserting 9
0 1 2 6 4 9 10 7 27 5 28 31 45 36 43 8 44 32 40 17 42 

Heap after inserting 21
0 1 2 6 4 9 10 7 27 5 21 31 45 36 43 8 44 32 40 17 42 28 

Heap after inserting 17
0 1 2 6 4 9 10 7 27 5 21 31 45 36 43 8 44 32 40 17 42 28 17 

Heap after inserting 3
0 1 2 6 4 3 10 7 27 5 21 9 45 36 43 8 44 32 40 17 42 28 17 31 

Heap after inserting 13
0 1 2 6 4 3 10 7 27 5 21 9 13 36 43 8 44 32 40 17 42 28 17 31 45 

Heap after inserting 21
0 1 2 6 4 3 10 7 27 5 21 9 13 36 43 8 44 32 40 17 42 28 17 31 45 21 

Heap after inserting 16
0 1 2 6 4 3 10 7 27 5 21 9 13 16 43 8 44 32 40 17 42 28 17 31 45 21 36 

Heap after inserting 24
0 1 2 6 4 3 10 7 27 5 21 9 13 16 43 8 44 32 40 17 42 28 17 31 45 21 36 24 

Heap after inserting 31
0 1 2 6 4 3 10 7 27 5 21 9 13 16 43 8 44 32 40 17 42 28 17 31 45 21 36 24 31 

Heap after inserting 33
0 1 2 6 4 3 10 7 27 5 21 9 13 16 33 8 44 32 40 17 42 28 17 31 45 21 36 24 31 43 

Heap after inserting 14
0 1 2 6 4 3 10 7 27 5 21 9 13 16 33 8 44 32 40 17 42 28 17 31 45 21 36 24 31 43 14 

Heap after inserting 19
0 1 2 6 4 3 10 7 27 5 21 9 13 16 33 8 44 32 40 17 42 28 17 31 45 21 36 24 31 43 14 19 

Heap after inserting 68
0 1 2 6 4 3 10 7 27 5 21 9 13 16 33 8 44 32 40 17 42 28 17 31 45 21 36 24 31 43 14 19 68 

Heap after inserting 65
0 1 2 6 4 3 10 7 27 5 21 9 13 16 33 8 44 32 40 17 42 28 17 31 45 21 36 24 31 43 14 19 68 65 

Heap after inserting 26
0 1 2 6 4 3 10 7 26 5 21 9 13 16 33 8 44 27 40 17 42 28 17 31 45 21 36 24 31 43 14 19 68 65 32 

Heap after inserting 32
0 1 2 6 4 3 10 7 26 5 21 9 13 16 33 8 44 27 40 17 42 28 17 31 45 21 36 24 31 43 14 19 68 65 32 32 

Heap after inserting 12
0 1 2 6 4 3 10 7 26 5 21 9 13 16 33 8 44 27 12 17 42 28 17 31 45 21 36 24 31 43 14 19 68 65 32 32 40 

Heap after inserting 79
0 1 2 6 4 3 10 7 26 5 21 9 13 16 33 8 44 27 12 17 42 28 17 31 45 21 36 24 31 43 14 19 68 65 32 32 40 79 

Heap after inserting 21
0 1 2 6 4 3 10 7 26 5 21 9 13 16 33 8 44 27 12 17 42 28 17 31 45 21 36 24 31 43 14 19 68 65 32 32 40 79 21 

Heap after inserting 78
0 1 2 6 4 3 10 7 26 5 21 9 13 16 33 8 44 27 12 17 42 28 17 31 45 21 36 24 31 43 14 19 68 65 32 32 40 79 21 78 

Heap after inserting 16
0 1 2 6 4 3 10 7 26 5 21 9 13 16 33 8 44 27 12 17 42 28 17 31 45 21 36 24 31 43 14 19 68 65 32 32 40 79 21 78 16 

Heap after inserting 24
0 1 2 6 4 3 10 7 26 5 21 9 13 16 33 8 44 27 12 17 42 28 17 31 45 21 36 24 31 43 14 19 68 65 32 32 40 79 21 78 16 24 

Heap after inserting 33
0 1 2 6 4 3 10 7 26 5 21 9 13 16 33 8 44 27 12 17 42 28 17 31 45 21 36 24 31 43 14 19 68 65 32 32 40 79 21 78 16 24 33 

Heap after inserting 21
0 1 2 6 4 3 10 7 26 5 21 9 13 16 33 8 44 27 12 17 42 28 17 31 45 21 36 24 31 43 14 19 68 65 32 32 40 79 21 78 16 24 33 21 

Heap after inserting 19
0 1 2 6 4 3 10 7 26 5 21 9 13 16 33 8 44 27 12 17 42 28 17 31 45 21 36 24 31 43 14 19 68 65 32 32 40 79 21 78 16 24 33 21 19 

Heap after inserting 68
0 1 2 6 4 3 10 7 26 5 21 9 13 16 33 8 44 27 12 17 42 28 17 31 45 21 36 24 31 43 14 19 68 65 32 32 40 79 21 78 16 24 33 21 19 68 

Heap after inserting 65
0 1 2 6 4 3 10 7 26 5 21 9 13 16 33 8 44 27 12 17 42 28 17 31 45 21 36 24 31 43 14 19 68 65 32 32 40 79 21 78 16 24 33 21 19 68 65 

Heap after inserting 1
0 1 2 6 4 3 10 7 26 5 21 9 13 16 33 8 44 27 12 17 42 28 17 31 45 21 36 24 31 43 14 19 68 65 32 32 40 79 21 78 16 24 33 21 19 68 65 1 

Heap after inserting 26
0 1 2 6 4 3 10 7 26 5 21 9 13 16 33 8 44 27 12 17 42 28 17 31 45 21 36 24 31 43 14 19 68 65 32 32 40 79 21 78 16 24 33 21 19 68 65 1 26 

Heap after inserting 32
0 1 2 6 4 3 10 7 26 5 21 9 13 16 33 8 44 27 12 17 42 28 17 31 45 21 36 24 31 43 14 19 68 65 32 32 40 79 21 78 16 24 33 21 19 68 65 1 26 32 

Heap after inserting 18
0 1 2 6 4 3 10 7 26 5 21 9 13 16 33 8 44 27 12 17 42 28 17 31 45 18 36 24 31 43 14 19 68 65 32 32 40 79 21 78 16 24 33 21 19 68 65 1 26 32 21 

Heap after inserting 3
0 1 2 6 4 3 10 7 26 5 21 9 13 16 33 8 44 27 12 17 42 28 17 31 45 18 36 24 31 43 14 19 68 65 32 32 40 79 21 78 16 24 33 21 19 68 65 1 26 32 21 3 

Heap after inserting 44
0 1 2 6 4 3 10 7 26 5 21 9 13 16 33 8 44 27 12 17 42 28 17 31 45 18 36 24 31 43 14 19 68 65 32 32 40 79 21 78 16 24 33 21 19 68 65 1 26 32 21 3 44 

Heap after inserting 43
0 1 2 6 4 3 10 7 26 5 21 9 13 16 33 8 44 27 12 17 42 28 17 31 45 18 36 24 31 43 14 19 68 65 32 32 40 79 21 78 16 24 33 21 19 68 65 1 26 32 21 3 44 43 

Heap after inserting 51
0 1 2 6 4 3 10 7 26 5 21 9 13 16 33 8 44 27 12 17 42 28 17 31 45 18 36 24 31 43 14 19 68 65 32 32 40 79 21 78 16 24 33 21 19 68 65 1 26 32 21 3 44 43 51 

Heap after inserting 42
0 1 2 6 4 3 10 7 26 5 21 9 13 16 33 8 44 27 12 17 42 28 17 31 45 18 36 24 31 43 14 19 68 65 32 32 40 79 21 78 16 24 33 21 19 68 65 1 26 32 21 3 44 43 51 42 

Heap after inserting 3
0 1 2 6 4 3 10 7 26 5 21 9 13 16 33 8 44 27 12 17 42 28 17 31 45 18 36 24 31 43 14 19 68 65 32 32 40 79 21 78 16 24 33 21 19 68 65 1 26 32 21 3 44 43 51 42 3 

Heap after inserting 40
0 1 2 6 4 3 10 7 26 5 21 9 13 16 33 8 44 27 12 17 42 28 17 31 45 18 36 24 31 43 14 19 68 65 32 32 40 79 21 78 16 24 33 21 19 68 65 1 26 32 21 3 44 43 51 42 3 40 

Heap after inserting 36
0 1 2 6 4 3 10 7 26 5 21 9 13 16 33 8 44 27 12 17 42 28 17 31 45 18 36 24 31 43 14 19 68 65 32 32 40 79 21 78 16 24 33 21 19 68 65 1 26 32 21 3 44 43 51 42 3 40 36 

Heap after inserting 10
0 1 2 6 4 3 10 7 26 5 21 9 13 16 33 8 44 27 12 17 42 28 17 31 45 18 36 24 31 43 14 19 68 65 32 32 40 79 21 78 16 24 33 21 19 68 65 1 26 32 21 3 44 43 51 42 3 40 36 10 

Heap after inserting 14
0 1 2 6 4 3 10 7 26 5 21 9 13 16 33 8 44 27 12 17 42 28 17 31 45 18 36 24 31 43 14 19 68 65 32 32 40 79 21 78 16 24 33 21 19 68 65 1 26 32 21 3 44 43 51 42 3 40 36 10 14 

Heap after inserting 50
0 1 2 6 4 3 10 7 26 5 21 9 13 16 33 8 44 27 12 17 42 28 17 31 45 18 36 24 31 43 14 19 68 65 32 32 40 79 21 78 16 24 33 21 19 68 65 1 26 32 21 3 44 43 51 42 3 40 36 10 14 50 

Heap after inserting 45
0 1 2 6 4 3 10 7 26 5 21 9 13 16 33 8 44 27 12 17 42 28 17 31 45 18 36 24 31 43 14 19 68 65 32 32 40 79 21 78 16 24 33 21 19 68 65 1 26 32 21 3 44 43 51 42 3 40 36 10 14 50 45 

Heap after inserting 33
0 1 2 6 4 3 10 7 26 5 21 9 13 16 33 8 44 27 12 17 42 28 17 31 45 18 36 24 31 43 14 19 68 65 32 32 40 79 21 78 16 24 33 21 19 68 65 1 26 32 21 3 44 43 51 42 3 40 36 10 14 50 45 33 

Heap after inserting 32
0 1 2 6 4 3 10 7 26 5 21 9 13 16 33 8 44 27 12 17 42 28 17 31 45 18 36 24 31 43 14 19 68 65 32 32 40 79 21 78 16 24 33 21 19 68 65 1 26 32 21 3 44 43 51 42 3 40 36 10 14 50 45 33 32 

Heap after inserting 31
0 1 2 6 4 3 10 7 26 5 21 9 13 16 33 8 44 27 12 17 42 28 17 31 45 18 36 24 31 43 14 19 68 65 32 32 40 79 21 78 16 24 33 21 19 68 65 1 26 32 21 3 44 43 51 42 3 40 36 10 14 50 45 33 32 31 

Heap after inserting 28
0 1 2 6 4 3 10 7 26 5 21 9 13 16 33 8 44 27 12 17 42 28 17 31 45 18 36 24 31 43 14 19 68 65 32 32 40 79 21 78 16 24 33 21 19 68 65 1 26 32 21 3 44 43 51 42 3 40 36 10 14 50 45 33 32 31 28 

Heap after inserting 4
0 1 2 6 4 3 10 7 26 5 21 9 13 16 33 8 44 27 12 17 42 28 17 31 45 18 36 24 31 43 14 19 68 65 32 32 40 79 21 78 16 24 33 21 19 68 65 1 26 32 21 3 44 43 51 42 3 40 36 10 14 50 45 33 32 31 28 4 

Heap after inserting 27
0 1 2 6 4 3 10 7 26 5 21 9 13 16 33 8 44 27 12 17 42 28 17 31 45 18 36 24 31 43 14 19 68 65 32 32 40 79 21 78 16 24 33 21 19 68 65 1 26 32 21 3 44 43 51 42 3 40 36 10 14 50 45 33 32 31 28 4 27 

Heap after inserting 10
0 1 2 6 4 3 10 7 26 5 21 9 13 16 33 8 44 27 12 17 42 28 17 31 45 18 36 24 31 43 14 19 68 65 32 32 40 79 21 78 16 24 33 21 19 68 65 1 26 32 21 3 44 43 51 42 3 40 36 10 14 50 45 33 32 31 28 4 27 10 

Heap after inserting 8
0 1 2 6 4 3 10 7 26 5 21 9 13 16 33 8 44 27 12 17 42 28 17 31 45 18 36 24 31 43 14 19 68 65 32 32 40 79 21 78 16 24 33 21 19 68 65 1 26 32 21 3 44 43 51 42 3 40 36 10 14 50 45 33 32 31 28 4 27 10 8 

Heap after inserting 7
0 1 2 6 4 3 10 7 26 5 21 9 13 16 33 8 44 27 12 17 42 28 17 31 45 18 36 24 31 43 14 19 68 65 32 32 40 79 21 78 16 24 33 21 19 68 65 1 26 32 21 3 44 43 51 42 3 40 36 10 14 50 45 33 32 31 28 4 27 10 8 7 

Heap after inserting 6
0 1 2 6 4 3 10 7 26 5 21 9 13 16 33 8 44 27 12 17 42 28 17 31 45 18 36 24 31 43 14 19 68 65 32 32 40 79 21 78 16 24 33 21 19 68 65 1 26 32 21 3 44 43 51 42 3 40 36 10 14 50 45 33 32 31 28 4 27 10 8 7 6 

Heap after inserting 53
0 1 2 6 4 3 10 7 26 5 21 9 13 16 33 8 44 27 12 17 42 28 17 31 45 18 36 24 31 43 14 19 68 65 32 32 40 79 21 78 16 24 33 21 19 68 65 1 26 32 21 3 44 43 51 42 3 40 36 10 14 50 45 33 32 31 28 4 27 10 8 7 6 53 

Heap after inserting 5
0 1 2 6 4 3 10 7 26 5 21 9 13 16 33 8 44 27 12 17 42 28 17 31 45 18 36 24 31 43 14 19 68 65 32 32 40 79 21 78 16 24 33 21 19 68 65 1 26 32 21 3 44 43 51 42 3 40 36 10 14 50 45 33 32 31 28 4 27 10 8 7 6 53 5 

Heap after inserting 4
0 1 2 6 4 3 10 7 26 5 21 9 13 16 33 8 44 27 12 17 42 28 17 31 45 18 36 24 31 43 14 19 68 65 32 32 40 79 21 78 16 24 33 21 19 68 65 1 26 32 21 3 44 43 51 42 3 40 36 10 14 50 45 33 32 31 28 4 27 10 8 7 6 53 5 4 

Heap after inserting 2
0 1 2 6 4 3 10 7 26 5 21 9 13 16 33 8 44 27 12 17 42 28 17 31 45 18 36 24 31 43 14 19 68 65 32 32 40 79 21 78 16 24 33 21 19 68 65 1 26 32 21 3 44 43 51 42 3 40 36 10 14 50 45 33 32 31 28 4 27 10 8 7 6 53 5 4 2 

Heap after inserting 1
0 1 2 6 4 3 10 7 26 5 21 9 13 16 33 8 44 27 12 17 42 28 17 31 45 18 36 24 31 43 14 19 68 65 32 32 40 79 21 78 16 24 33 21 19 68 65 1 26 32 21 3 44 43 51 42 3 40 36 10 14 50 45 33 32 31 28 4 27 10 8 7 6 53 5 4 2 1 

Heap after inserting 17
0 1 2 6 4 3 10 7 26 5 21 9 13 16 33 8 44 27 12 17 42 28 17 31 45 18 36 24 31 43 14 19 68 65 32 32 40 79 21 78 16 24 33 21 19 68 65 1 26 32 21 3 44 43 51 42 3 40 36 10 14 50 45 33 32 31 28 4 27 10 8 7 6 53 5 4 2 1 17 

Heap after inserting 8
0 1 2 6 4 3 10 7 26 5 21 9 13 16 33 8 44 27 12 17 42 28 17 31 45 18 36 24 31 43 14 19 68 65 32 32 40 79 21 78 16 24 33 21 19 68 65 1 26 32 21 3 44 43 51 42 3 40 36 10 14 50 45 33 32 31 28 4 27 10 8 7 6 53 5 4 2 1 17 8 

Heap after inserting 9
0 1 2 6 4 3 10 7 26 5 21 9 13 16 33 8 44 27 12 17 42 28 17 31 45 18 36 24 31 43 14 19 68 65 32 32 40 79 21 78 16 24 33 21 19 68 65 1 26 32 21 3 44 43 51 42 3 40 36 10 14 50 45 33 32 31 28 4 27 10 8 7 6 53 5 4 2 1 17 8 9 

Heap 
0 1 2 6 4 3 10 7 26 5 21 9 13 16 33 8 44 27 12 17 42 28 17 31 45 18 36 24 31 43 14 19 68 65 32 32 40 79 21 78 16 24 33 21 19 68 65 1 26 32 21 3 44 43 51 42 3 40 36 10 14 50 45 33 32 31 28 4 27 10 8 7 6 53 5 4 2 1 17 8 9 

Insert 31
Heap after insert 31 
0 1 2 6 4 3 10 7 26 5 21 9 13 16 33 8 44 27 12 17 42 28 17 31 45 18 36 24 31 43 14 19 68 65 32 32 40 79 21 78 16 24 33 21 19 68 65 1 26 32 21 3 44 43 51 42 3 40 36 10 14 50 45 33 32 31 28 4 27 10 8 7 6 53 5 4 2 1 17 8 9 31 

Insert 14
Heap after insert 14 
0 1 2 6 4 3 10 7 26 5 21 9 13 16 33 8 44 27 12 17 42 28 17 31 45 18 36 24 31 43 14 19 68 65 32 32 40 79 21 78 16 24 33 21 19 68 65 1 26 32 21 3 44 43 51 42 3 40 36 10 14 50 45 33 32 31 28 4 27 10 8 7 6 53 5 4 2 1 17 8 9 31 14 

Heap after deleteMin 
0 2 3 6 4 9 10 7 26 5 21 17 13 16 33 8 44 27 12 17 42 28 19 31 45 18 36 24 31 43 14 19 68 65 32 32 40 79 21 78 16 24 33 21 68 65 1 26 32 21 3 44 43 51 42 3 40 36 10 14 50 45 33 32 31 28 4 27 10 8 7 6 53 5 4 2 1 17 8 9 31 14 

Heap after deleteMin 
0 3 4 6 5 9 10 7 26 12 21 17 13 16 33 8 44 27 40 17 42 28 19 31 45 18 36 24 31 43 14 19 68 65 32 32 5 79 21 78 16 24 33 21 68 65 1 26 32 21 3 44 43 51 42 3 40 36 10 14 50 45 33 32 31 28 4 27 10 8 7 6 53 4 2 1 17 8 9 31 14 

Heap after deleteMin 
0 4 5 6 12 9 10 7 26 17 21 17 13 16 33 8 44 27 40 21 42 28 19 31 45 18 36 24 31 43 14 19 68 65 32 32 5 79 8 78 16 24 33 21 68 65 1 26 32 21 3 44 43 51 42 3 40 36 10 14 50 45 33 32 31 28 4 27 10 8 7 6 53 4 2 1 17 9 31 14 

Heap after deleteMin 
0 5 9 6 12 17 10 7 26 17 21 19 13 16 33 8 44 27 40 21 42 28 65 31 45 18 36 24 31 43 14 19 68 65 32 32 5 79 8 78 16 24 33 21 68 1 26 32 21 3 44 43 51 42 3 40 36 10 14 50 45 33 32 31 28 4 27 10 8 7 6 53 4 2 1 17 9 31 14 

Heap after deleteMin 
0 6 9 7 12 17 10 8 26 17 21 19 13 16 33 14 44 27 40 21 42 28 65 31 45 18 36 24 31 43 33 19 68 65 32 32 5 79 8 78 16 24 33 21 68 1 26 32 21 3 44 43 51 42 3 40 36 10 14 50 45 32 31 28 4 27 10 8 7 6 53 4 2 1 17 9 31 14 

Heap after deleteMin 
0 7 9 8 12 17 10 14 26 17 21 19 13 16 33 19 44 27 40 21 42 28 65 31 45 18 36 24 31 43 33 28 68 65 32 32 5 79 8 78 16 24 33 21 68 1 26 32 21 3 44 43 51 42 3 40 36 10 14 50 45 32 31 4 27 10 8 7 6 53 4 2 1 17 9 31 14 

Heap after deleteMin 
0 8 9 10 12 17 13 14 26 17 21 19 18 16 33 19 44 27 40 21 42 28 65 31 45 43 36 24 31 43 33 28 68 65 32 32 5 79 8 78 16 24 33 21 68 1 26 32 21 3 44 51 42 3 40 36 10 14 50 45 32 31 4 27 10 8 7 6 53 4 2 1 17 9 31 14 

Heap after deleteMin 
0 9 12 10 17 17 13 14 26 21 21 19 18 16 33 19 44 27 40 8 42 28 65 31 45 43 36 24 31 43 33 28 68 65 32 32 5 79 14 78 16 24 33 21 68 1 26 32 21 3 44 51 42 3 40 36 10 14 50 45 32 31 4 27 10 8 7 6 53 4 2 1 17 9 31 14 

Heap after deleteMin 
0 10 12 13 17 17 16 14 26 21 21 19 18 24 33 19 44 27 40 8 42 28 65 31 45 43 36 36 31 43 33 28 68 65 32 32 5 79 14 78 16 24 33 21 68 1 26 32 21 3 44 51 42 3 40 10 14 50 45 32 31 4 27 10 8 7 6 53 4 2 1 17 9 31 14 

Heap after deleteMin 
0 12 17 13 17 19 16 14 26 21 21 31 18 24 33 19 44 27 40 8 42 28 65 26 45 43 36 36 31 43 33 28 68 65 32 32 5 79 14 78 16 24 33 21 68 1 32 21 3 44 51 42 3 40 10 14 50 45 32 31 4 27 10 8 7 6 53 4 2 1 17 9 31 14 

Heap after deleteMin 
0 13 17 14 17 19 16 19 26 21 21 31 18 24 33 28 44 27 40 8 42 28 65 26 45 43 36 36 31 43 33 8 68 65 32 32 5 79 14 78 16 24 33 21 68 1 32 21 3 44 51 42 3 40 10 14 50 45 32 31 4 27 10 7 6 53 4 2 1 17 9 31 14 

Heap after deleteMin 
0 14 17 16 17 19 18 19 26 21 21 31 43 24 33 28 44 27 40 8 42 28 65 26 45 42 36 36 31 43 33 8 68 65 32 32 5 79 14 78 16 24 33 21 68 1 32 21 3 44 51 3 40 10 14 50 45 32 31 4 27 10 7 6 53 4 2 1 17 9 31 14 

Heap after deleteMin 
0 16 17 18 17 19 24 19 26 21 21 31 43 36 33 28 44 27 40 8 42 28 65 26 45 42 36 14 31 43 33 8 68 65 32 32 5 79 14 78 16 24 33 21 68 1 32 21 3 44 51 3 40 10 50 45 32 31 4 27 10 7 6 53 4 2 1 17 9 31 14 

Heap after deleteMin 
0 17 17 18 21 19 24 19 26 8 21 31 43 36 33 28 44 27 40 14 42 28 65 26 45 42 36 14 31 43 33 8 68 65 32 32 5 79 78 16 24 33 21 68 1 32 21 3 44 51 3 40 10 50 45 32 31 4 27 10 7 6 53 4 2 1 17 9 31 14 

Heap after deleteMin 
0 17 19 18 21 21 24 19 26 8 28 31 43 36 33 28 44 27 40 14 42 21 65 26 45 42 36 14 31 43 33 8 68 65 32 32 5 79 78 16 24 33 68 1 32 21 3 44 51 3 40 10 50 45 32 31 4 27 10 7 6 53 4 2 1 17 9 31 14 

Heap after deleteMin 
0 18 19 19 21 21 24 28 26 8 28 31 43 36 33 8 44 27 40 14 42 21 65 26 45 42 36 14 31 43 33 2 68 65 32 32 5 79 78 16 24 33 68 1 32 21 3 44 51 3 40 10 50 45 32 31 4 27 10 7 6 53 4 1 17 9 31 14 

Heap after deleteMin 
0 19 19 24 21 21 36 28 26 8 28 31 43 14 33 8 44 27 40 14 42 21 65 26 45 42 36 31 31 43 33 2 68 65 32 32 5 79 78 16 24 33 68 1 32 21 3 44 51 3 40 10 50 45 32 4 27 10 7 6 53 4 1 17 9 31 14 

Heap after deleteMin 
0 19 21 24 21 28 36 28 26 8 21 31 43 14 33 8 44 27 40 14 42 1 65 26 45 42 36 31 31 43 33 2 68 65 32 32 5 79 78 16 24 33 68 32 21 3 44 51 3 40 10 50 45 32 4 27 10 7 6 53 4 1 17 9 31 14 

Heap after deleteMin 
0 21 21 24 8 28 36 28 26 14 21 31 43 14 33 8 44 27 40 16 42 1 65 26 45 42 36 31 31 43 33 2 68 65 32 32 5 79 78 24 33 68 32 21 3 44 51 3 40 10 50 45 32 4 27 10 7 6 53 4 1 17 9 31 14 

Heap after deleteMin 
0 21 8 24 14 28 36 28 26 16 21 31 43 14 33 8 44 27 40 24 42 1 65 26 45 42 36 31 31 43 33 2 68 65 32 32 5 79 78 33 68 32 21 3 44 51 3 40 10 50 45 32 4 27 10 7 6 53 4 1 17 9 31 14 

Heap after deleteMin 
0 8 14 24 16 28 36 28 26 24 21 31 43 14 33 8 44 27 40 33 42 1 65 26 45 42 36 31 31 43 33 2 68 65 32 32 5 79 78 68 32 21 3 44 51 3 40 10 50 45 32 4 27 10 7 6 53 4 1 17 9 31 14 

Heap after deleteMin 
0 14 16 24 24 28 36 28 26 33 21 31 43 14 33 8 44 27 40 68 42 1 65 26 45 42 36 31 31 43 33 2 68 65 32 32 5 79 78 32 21 3 44 51 3 40 10 50 45 32 4 27 10 7 6 53 4 1 17 9 31 14 

Heap after deleteMin 
0 16 24 24 26 28 36 28 27 33 21 31 43 14 33 8 44 32 40 68 42 1 65 26 45 42 36 31 31 43 33 2 68 65 32 5 79 78 32 21 3 44 51 3 40 10 50 45 32 4 27 10 7 6 53 4 1 17 9 31 14 

Heap after deleteMin 
0 24 24 28 26 28 36 8 27 33 21 31 43 14 33 2 44 32 40 68 42 1 65 26 45 42 36 31 31 43 33 68 65 32 5 79 78 32 21 3 44 51 3 40 10 50 45 32 4 27 10 7 6 53 4 1 17 9 31 14 

Heap after deleteMin 
0 24 26 28 27 28 36 8 32 33 21 31 43 14 33 2 44 5 40 68 42 1 65 26 45 42 36 31 31 43 33 68 65 32 79 78 32 21 3 44 51 3 40 10 50 45 32 4 27 10 7 6 53 4 1 17 9 31 14 

Heap after deleteMin 
0 26 27 28 32 28 36 8 5 33 21 31 43 14 33 2 44 78 40 68 42 1 65 26 45 42 36 31 31 43 33 68 65 32 79 32 21 3 44 51 3 40 10 50 45 32 4 27 10 7 6 53 4 1 17 9 31 14 

Heap after deleteMin 
0 27 28 28 32 21 36 8 5 33 1 31 43 14 33 2 44 78 40 68 42 10 65 26 45 42 36 31 31 43 33 68 65 32 79 32 21 3 44 51 3 40 50 45 32 4 27 10 7 6 53 4 1 17 9 31 14 

Heap after deleteMin 
0 28 28 8 32 21 36 2 5 33 1 31 43 14 33 33 44 78 40 68 42 10 65 26 45 42 36 31 31 43 68 65 32 79 32 21 3 44 51 3 40 50 45 32 4 27 10 7 6 53 4 1 17 9 31 14 

Heap after deleteMin 
0 8 28 2 32 21 36 33 5 33 1 31 43 14 33 65 44 78 40 68 42 10 65 26 45 42 36 31 31 43 68 32 79 32 21 3 44 51 3 40 50 45 32 4 27 10 7 6 53 4 1 17 9 31 14 

Heap after deleteMin 
0 2 28 33 32 21 36 33 5 33 1 31 43 14 31 65 44 78 40 68 42 10 65 26 45 42 36 31 43 68 32 79 32 21 3 44 51 3 40 50 45 32 4 27 10 7 6 53 4 1 17 9 31 14 

Heap after deleteMin 
0 28 21 33 32 1 36 33 5 33 10 31 43 14 31 65 44 78 40 68 42 4 65 26 45 42 36 31 43 68 32 79 32 21 3 44 51 3 40 50 45 32 27 10 7 6 53 4 1 17 9 31 14 

Heap after deleteMin 
0 21 1 33 32 10 36 33 5 33 4 31 43 14 31 65 44 78 40 68 42 10 65 26 45 42 36 31 43 68 32 79 32 21 3 44 51 3 40 50 45 32 27 7 6 53 4 1 17 9 31 14 

Heap after deleteMin 
0 1 10 33 32 4 36 33 5 33 10 31 43 14 31 65 44 78 40 68 42 7 65 26 45 42 36 31 43 68 32 79 32 21 3 44 51 3 40 50 45 32 27 6 53 4 1 17 9 31 14 

Heap after deleteMin 
0 10 4 33 32 10 36 33 5 33 7 31 43 14 31 65 44 78 40 68 42 6 65 26 45 42 36 31 43 68 32 79 32 21 3 44 51 3 40 50 45 32 27 53 4 1 17 9 31 14 

Heap after deleteMin 
0 4 10 33 32 7 36 33 5 33 6 31 43 14 31 65 44 78 40 68 42 27 65 26 45 42 36 31 43 68 32 79 32 21 3 44 51 3 40 50 45 32 53 4 1 17 9 31 14 

Heap after deleteMin 
0 10 7 33 32 6 36 33 5 33 27 31 43 14 31 65 44 78 40 68 42 4 65 26 45 42 36 31 43 68 32 79 32 21 3 44 51 3 40 50 45 32 53 1 17 9 31 14 

Heap after deleteMin 
0 7 6 33 32 27 36 33 5 33 4 31 43 14 31 65 44 78 40 68 42 1 65 26 45 42 36 31 43 68 32 79 32 21 3 44 51 3 40 50 45 32 53 17 9 31 14 

Heap after deleteMin 
0 6 27 33 32 4 36 33 5 33 1 31 43 14 31 65 44 78 40 68 42 17 65 26 45 42 36 31 43 68 32 79 32 21 3 44 51 3 40 50 45 32 53 9 31 14 

Heap after deleteMin 
0 27 4 33 32 1 36 33 5 33 17 31 43 14 31 65 44 78 40 68 42 9 65 26 45 42 36 31 43 68 32 79 32 21 3 44 51 3 40 50 45 32 53 31 14 

Heap after deleteMin 
0 4 1 33 32 17 36 33 5 33 9 31 43 14 31 65 44 78 40 68 42 31 65 26 45 42 36 31 43 68 32 79 32 21 3 44 51 3 40 50 45 32 53 14 

Heap after deleteMin 
0 1 17 33 32 9 36 33 5 33 31 31 43 14 31 65 44 78 40 68 42 14 65 26 45 42 36 31 43 68 32 79 32 21 3 44 51 3 40 50 45 32 53 

Heap after deleteMin 
0 17 9 33 32 31 36 33 5 33 31 26 43 14 31 65 44 78 40 68 42 14 65 45 42 36 31 43 68 32 79 32 21 3 44 51 3 40 50 45 32 53 

Heap after deleteMin 
0 9 31 33 32 26 36 33 5 33 31 45 43 14 31 65 44 78 40 68 42 14 65 42 36 31 43 68 32 79 32 21 3 44 51 3 40 50 45 32 53 

Heap after deleteMin 
0 31 26 33 32 31 36 33 5 33 14 45 43 14 31 65 44 78 40 68 42 65 42 36 31 43 68 32 79 32 21 3 44 51 3 40 50 45 32 53 

Heap after deleteMin 
0 26 31 33 32 14 36 33 5 33 42 45 43 14 31 65 44 78 40 68 53 65 42 36 31 43 68 32 79 32 21 3 44 51 3 40 50 45 32 53 

Heap after deleteMin 
0 31 14 33 32 42 36 33 5 33 53 45 43 14 31 65 44 78 40 68 65 42 36 31 43 68 32 79 32 21 3 44 51 3 40 50 45 32 53 

Heap after deleteMin 
0 14 32 33 5 42 36 33 44 33 53 45 43 14 31 65 3 78 40 68 65 42 36 31 43 68 32 79 32 21 3 44 51 40 50 45 32 53 

Heap after deleteMin 
0 32 5 33 33 42 36 33 44 40 53 45 43 14 31 65 3 78 32 68 65 42 36 31 43 68 32 79 32 21 3 44 51 40 50 45 53 

Heap after deleteMin 
0 5 33 33 40 42 36 33 44 32 53 45 43 14 31 65 3 78 53 68 65 42 36 31 43 68 32 79 32 21 3 44 51 40 50 45 53 

Heap after deleteMin 
0 33 33 33 40 42 36 31 44 32 53 45 43 14 21 65 3 78 53 68 65 42 36 31 43 68 32 79 32 3 44 51 40 50 45 53 

Heap after deleteMin 
0 33 33 31 40 42 36 21 44 32 53 45 43 14 3 65 3 78 53 68 65 42 36 31 43 68 32 79 32 44 51 40 50 45 53 

Heap after deleteMin 
0 31 33 21 40 42 36 3 44 32 53 45 43 14 32 65 3 78 53 68 65 42 36 31 43 68 32 79 44 51 40 50 45 53 

Heap after deleteMin 
0 21 33 3 40 42 36 32 44 32 53 45 43 14 44 65 3 78 53 68 65 42 36 31 43 68 32 79 51 40 50 45 53 

Heap after deleteMin 
0 3 33 32 40 42 36 44 44 32 53 45 43 14 40 65 3 78 53 68 65 42 36 31 43 68 32 79 51 50 45 53 

Heap after deleteMin 
0 32 33 36 40 42 14 44 44 32 53 45 43 32 40 65 3 78 53 68 65 42 36 31 43 68 79 51 50 45 53 

Heap after deleteMin 
0 33 40 36 32 42 14 44 44 53 53 45 43 32 40 65 3 78 68 65 42 36 31 43 68 79 51 50 45 53 

Heap after deleteMin 
0 36 40 14 32 42 32 44 44 53 53 45 43 50 40 65 3 78 68 65 42 36 31 43 68 79 51 45 53 

Heap after deleteMin 
0 14 40 32 32 42 43 44 44 53 53 45 68 50 40 65 3 78 68 65 42 36 31 43 79 51 45 53 

Heap after deleteMin 
0 32 40 43 32 42 50 44 44 53 53 45 68 45 40 65 3 78 68 65 42 36 31 43 79 51 53 

Heap after deleteMin 
0 40 32 43 44 42 50 44 3 53 53 45 68 45 40 65 78 68 65 42 36 31 43 79 51 53 

Heap after deleteMin 
0 32 42 43 44 45 50 44 3 53 53 43 68 45 40 65 78 68 65 42 36 31 79 51 53 

Heap after deleteMin 
0 42 44 43 3 45 50 44 68 53 53 43 68 45 40 65 78 65 42 36 31 79 51 53 

Heap after deleteMin 
0 43 44 44 3 45 50 40 68 53 53 43 68 45 65 78 65 42 36 31 79 51 53 

Heap after deleteMin 
0 44 44 40 3 45 50 65 68 53 53 43 68 45 78 65 42 36 31 79 51 53 

Heap after deleteMin 
0 40 44 50 3 45 45 65 68 53 53 43 68 78 65 42 36 31 79 51 53 

Heap after deleteMin 
0 44 3 50 53 45 45 65 68 51 53 43 68 78 65 42 36 31 79 53 

Heap after deleteMin 
0 3 45 50 53 43 45 65 68 51 53 68 78 65 42 36 31 79 53 

Heap after deleteMin 
0 45 43 50 53 53 45 65 68 51 68 78 65 42 36 31 79 53 

Heap after deleteMin 
0 43 53 50 53 68 45 65 68 51 78 65 42 36 31 79 53 

Heap after deleteMin 
0 50 53 45 53 68 36 65 68 51 78 65 42 31 79 53 

Heap after deleteMin 
0 45 53 36 53 68 31 65 68 51 78 65 42 79 53 

Heap after deleteMin 
0 36 53 31 53 68 42 65 68 51 78 65 79 53 

Heap after deleteMin 
0 31 53 42 53 68 53 65 68 51 78 65 79 

Heap after deleteMin 
0 42 53 53 53 68 79 65 68 51 78 65 

Heap after deleteMin 
0 53 53 65 53 68 79 68 51 78 65 

Heap after deleteMin 
0 53 53 65 51 68 79 68 78 65 

Heap after deleteMin 
0 53 51 65 65 68 79 68 78 

Heap after deleteMin 
0 51 65 65 78 68 79 68 

Heap after deleteMin 
0 65 65 68 78 68 79 

Heap after deleteMin 
0 65 68 68 78 79 

Heap after deleteMin 
0 68 68 79 78 79 

Heap after deleteMin 
0 68 78 79 79 

Heap after deleteMin 
0 78 79 79 79 

Heap after deleteMin 
0 79 79 79 

Heap after deleteMin 
0 79 79 

Heap after deleteMin 
0 79 

Heap after deleteMin 
0 

